"","Node_1","Node_2","Node_3","Node_4","Node_5","Node_6","Node_7","Node_8","Node_9","Node_10","Node_11","Node_12","Node_13","Node_14","Node_15","Node_16","Node_17","Node_18","Node_19","Node_20","Node_21","Node_22","Node_23","Node_24","Node_25","Node_26","Node_27","Node_28","Node_29","Node_30","Node_31","Node_32","Node_33","Node_34","Node_35","Node_36","Node_37","Node_38","Node_39","Node_40","Node_41","Node_42","Node_43","Node_44","Node_45","Node_46","Node_47","Node_48","Node_49","Node_50","Node_51","Node_52","Node_53","Node_54","Node_55","Node_56","Node_57","Node_58","Node_59","Node_60","Node_61","Node_62","Node_63","Node_64","Node_65","Node_66","Node_67","Node_68","Node_69","Node_70","Node_71","Node_72","Node_73","Node_74","Node_75","Node_76","Node_77","Node_78","Node_79","Node_80","Node_81","Node_82","Node_83","Node_84","Node_85","Node_86","Node_87","Node_88","Node_89","Node_90","Node_91","Node_92","Node_93","Node_94","Node_95","Node_96","Node_97","Node_98","Node_99","Node_100","Node_101","Node_102","Node_103","Node_104","Node_105","Node_106","Node_107","Node_108","Node_109","Node_110","Node_111","Node_112","Node_113","Node_114","Node_115","Node_116","Node_117","Node_118","Node_119","Node_120","Node_121","Node_122","Node_123","Node_124","Node_125","Node_126","Node_127","Node_128","Node_129","Node_130","Node_131","Node_132","Node_133","Node_134","Node_135","Node_136","Node_137","Node_138","Node_139","Node_140","Node_141","Node_142","Node_143","Node_144","Node_145","Node_146","Node_147","Node_148","Node_149","Node_150"
"Node_1",0.999999999999999,0.0327252311214271,0.201289429377477,0.0871144217542924,0.00437833020671579,0.124997570088056,0.010193061097159,0.0147037925876015,0.0329938891071079,0.000117227572183584,0.0968916518183445,0.000131844744943232,0.0452551994306448,0.00654958809639683,0.184750442848188,0.136933586154745,0.0892162829324567,0.154179431027542,0.00761887621483516,0.120640274170312,1.0027655813681e-07,1.3798904180459e-06,2.84328139922549e-05,2.16134093409064e-05,0.000386186891091129,1.27996373259064e-05,7.84935148746405e-08,0.00278570776909397,0.00245720674567775,1.41981393935286e-05,5.45127786797093e-05,1.42607602711956e-12,4.69882698377247e-05,0.002131350263417,5.6848030555336e-05,9.59006413610973e-06,0.000805218361123311,0.00434847809509127,4.16030974349622e-06,0.00138391397130573,0.000164715723397064,0.00138170387902004,1.81525917141391e-05,0.00122819666011802,6.43901987743336e-05,4.42344172376183e-07,0.000380835959373202,1.44066026709574e-05,0.000935003058155224,2.65848438820814e-05,1.03915716004365e-09,0.000126322417621945,0.000840784149814514,0.000142406909503995,9.46605004147489e-05,0.000448198461883474,0.000103797552769137,1.63924996001146e-08,4.3237658043218e-05,3.10721534780562e-06,3.34233283543646e-07,5.35625308745215e-05,0.00038202362486001,0.000118945799662388,2.82503639513488e-05,1.07912389926448e-06,9.16716276100546e-06,9.21670610652449e-09,0.000736112597584754,2.05566567214788e-09,0.00323815187358395,0.000109255964559446,6.65951152068366e-06,8.41164151828431e-06,7.69482699932505e-08,0.000334093093655431,7.16461076860271e-06,0.000208841924839661,1.3409543202506e-07,4.06917398811797e-05,1.31999277788693e-10,0.00109030338779793,2.38882853651935e-08,0.000172489884096495,7.23460639116038e-08,1.69642167087953e-05,0.000211532247258653,3.47821140555814e-13,0.00104371810961654,2.36114619007416e-07,0.00087311058330416,5.88265900418794e-05,6.27450622159904e-07,1.09955992296735e-05,4.12100386834274e-08,1.6725040457484e-06,7.56305432721247e-06,2.18346451763396e-05,0.000171261238731327,2.28728026285036e-10,4.83715511894207e-06,2.33117475646532e-08,0.00113046061039419,5.02326554379195e-05,7.46578183665135e-07,1.1348411965279e-05,0.000901850819125605,8.45485921492908e-07,4.89994521768711e-05,0.00212726040358798,0.000239741080845592,4.53912579648504e-07,0.00203109376233993,4.8053660348377e-05,9.23716376785024e-07,3.91231509626384e-07,0.00022512300514434,0.000471256728250282,4.77340925591896e-06,1.17103254109997e-06,0.00263219677956888,0.000288901571653025,8.3508700928826e-05,4.82114961822122e-05,3.22425832561491e-05,6.6486974886096e-05,1.09432380490234e-05,5.89159625771936e-05,1.07627853513514e-08,2.47499737119381e-07,5.12615112559352e-06,2.87190621148635e-06,0.000350806502279408,7.1779540978097e-05,0.000115667128357263,4.42812604722889e-07,8.77129985324763e-06,1.12370362594676e-05,0.000178356325823666,5.16500493660971e-06,1.59573566480708e-05,1.80279940879205e-05,0.017482810228214,8.20550778426239e-07,0.000347585451848056,2.69900600712331e-05,7.29962329757417e-06,1.60948213419317e-07,0.000158304191759247,0.000193332144953179
"Node_2",0.0327252311214271,1,0.0760280822947584,0.124324008623988,0.000355990537498053,0.158444176832322,0.0516563341206744,0.0150413015245781,0.000523797662242632,0.0124633445672786,0.0421776785986418,2.30911057985696e-09,0.0336840684869247,0.00158012656958707,0.0848404784064404,0.151745086121643,0.0488678303718229,0.134432220770951,0.00185128527187607,0.133090555863153,2.96968720569608e-06,3.99103595883083e-07,8.53353151375452e-06,2.01614985229503e-05,0.000459925637608685,8.69507761673461e-06,6.34431279518691e-05,1.40391340705961e-05,7.40243784977411e-07,3.65473063864877e-06,4.31895230275227e-06,1.08597803616826e-07,5.59554824236511e-16,0.000164934042189073,4.55549609213001e-09,6.65156547087132e-08,0.00121646235226021,8.18733702740981e-06,4.29672837606289e-06,1.15768237021756e-05,3.67162853911509e-06,4.04117766207153e-05,1.56223958123393e-08,7.57817726018601e-05,4.74273012557434e-15,2.156527426441e-08,6.97828203237666e-05,1.71179352783847e-07,0.000871455693484319,0.000336708338860396,7.70242951062613e-07,1.78454605756564e-06,2.42827806096648e-05,6.11625035292912e-05,1.08996267522998e-08,1.64763661366063e-06,0.000128237664115867,1.92220146404878e-06,0.011741924763787,4.05383203575649e-07,0.000668160746451063,0.000773113683677206,0.00022738212418061,0.000659290603799925,1.11113938172187e-05,0.000163934577831143,2.14248032473197e-05,0.000630884900669271,0.000649196911130036,0.000323743872909665,0.00067055684116508,0.00197183664267768,4.88891622674071e-08,9.51136615532491e-07,2.64530469236519e-07,7.25669700591092e-10,1.4749965607078e-08,8.20068087980084e-06,0.0002679648104236,1.26571144385113e-08,2.81858179416649e-11,0.000531170915478652,9.35875775466878e-06,3.98246513062265e-07,1.52916257728667e-06,6.77529578612008e-06,3.01570316190757e-06,1.40029192403013e-07,1.44405439810337e-05,6.05806484528259e-06,4.96415419118156e-08,1.26741538031996e-06,1.00385885038093e-08,1.06112692653027e-07,1.75591535345483e-09,0.000674009128519296,2.51450445854167e-05,1.18228699802425e-06,4.2865521786835e-09,0.00557613393485412,2.54914030241183e-05,0.000383297514636771,5.83821465928063e-07,8.8847244922836e-08,8.27138094715867e-08,6.06644313740187e-06,3.01069938904719e-05,4.60765373556487e-13,0.000101388172456341,0.000343650749513888,0.000102677405364056,8.90418200846464e-05,0.00156659417273449,9.91725534623333e-05,5.91638003298317e-08,3.44719590815663e-07,0.000100474555684751,1.92439002223274e-05,9.22310561811979e-06,6.01088520294503e-08,0.000474861968807755,0.00153685320956663,8.44508836445152e-12,0.003053285835821,3.28476387561493e-07,0.000449032196815967,5.0301316474276e-09,1.01358446523056e-05,0.00472780721509331,4.9611485598182e-07,0.00044908783686013,8.14683718796596e-05,0.0011538668966414,0.000904136070041984,1.36351391263608e-13,5.97000833638162e-09,8.24427565371376e-20,4.84902206551828e-07,3.88226848686739e-08,5.70191583757613e-10,4.94410006305247e-06,0.000275780178875026,0.00305529471307621,5.3326820576396e-05,0.000369236398355719,6.35493712418333e-05,3.88788208198321e-06,3.98650987853617e-08,3.81085784391294e-06,0.00263979307941802
"Node_3",0.201289429377477,0.0760280822947584,1,0.511957034944391,0.030418569996257,0.465427473262762,0.231282977520316,0.0978966732064084,0.0123714680582286,0.0322284874704885,0.433415119320642,0.000383303869394328,0.0490624665328356,0.0379809142696562,0.659818603669933,0.484264317373007,0.609477084853613,0.679189489956483,0.0158906745701772,0.686758652218091,0.000117654368937446,1.90434715884934e-07,3.24540744422375e-06,1.52932179496697e-05,0.00114561347196133,9.20684635840912e-10,8.41877484541577e-06,0.00972924375240904,5.22803474375425e-09,0.0004417128118894,4.39089370841507e-06,4.21498768407565e-07,9.85347878003792e-07,0.00483277068412018,0.000404872134582098,5.71437317797669e-06,0.000632707567250497,0.00119007710157504,1.20209866716356e-09,0.000316845518235834,0.0117612745505253,0.00703683976800407,6.8497774602414e-05,0.000606802880293315,2.02339057957547e-06,9.70792738008212e-07,0.000602331404155089,9.7725235998062e-06,1.92071122790899e-05,3.84620515009425e-05,0.000258997332506471,0.000406017626032739,0.00074711053734298,8.52981676699412e-08,1.63888662420812e-05,0.00042403564334674,7.94470255286909e-07,5.33717915723348e-06,0.00277726021736568,2.00506075587854e-06,8.96042942344293e-06,7.52449767472635e-05,0.000629311606680898,0.00265478581384276,1.53807215371064e-06,3.14458541516037e-08,0.000269996607013071,5.24706358213568e-06,3.2659588413691e-08,7.23361042958688e-05,0.000439908591179328,0.000551331799478994,7.00184300179326e-06,5.78075470479468e-08,9.8462410261846e-06,0.000895685306143152,0.000330471019910613,0.0099235717466286,5.76546488429728e-05,0.00224892415281929,6.13507307697294e-05,0.00144885653401934,3.79673145769286e-06,0.00024154642605803,1.52167493445987e-08,1.29675511619267e-09,1.80367738689023e-05,7.71876223489948e-10,5.29736723311908e-06,7.34418904145781e-05,0.000663259412320551,1.52306649598035e-06,3.63767410567041e-09,1.11343004430872e-06,7.27964880708048e-05,0.000131910440504044,0.000110919354833783,1.75162613203481e-05,1.15795544483269e-06,6.33047753578873e-06,1.33866734357943e-05,2.49904425703191e-05,4.3361533154916e-05,1.47031419430756e-05,2.8461462515926e-07,0.000442098169998296,4.00861173009792e-06,8.38584608841823e-06,1.70141403900193e-06,0.00447733451335111,0.000251563022154393,1.02397862641118e-06,5.35926848650235e-05,0.00030821989883397,2.24964567354237e-06,0.000227562612065942,0.0138819351687154,0.000620838378360768,2.98892295516931e-05,4.80597372143505e-07,0.0497173410560769,1.92662913441651e-07,3.43179215366922e-06,0.000149325158479835,2.50560586927952e-05,9.82563944322622e-05,0.000298038889695801,1.26736086773237e-05,0.000576808843992379,1.75162193957842e-07,3.8909346992808e-09,0.000505135047151566,0.00599143455391516,9.84944009475114e-05,0.000432499964820753,6.87235876572452e-10,0.00145597982286341,6.6801307587527e-05,0.000136264184026808,2.78556053219996e-05,0.00084412318562157,3.07911066985744e-08,0.00104614801088687,7.26209556269007e-05,0.00180181020141878,0.000152076884555231,1.98112477174599e-11,2.12379975005331e-08,3.46017780084234e-05,0.0022554391931244
"Node_4",0.0871144217542924,0.124324008623988,0.511957034944391,1,0.0452988387997572,0.466821390285891,0.261198668725596,0.0639574151610703,0.00835334510670971,0.0496020838580888,0.368366713676863,0.000840018528931705,0.0799119925852649,0.0254014468787244,0.574529151949544,0.509439393853776,0.529098385693978,0.399319310019382,0.0437328048491777,0.636017960807521,7.02245538993853e-05,1.12313361414341e-06,1.2601078921232e-05,0.000130329004146072,0.0043879142780157,8.54473657773688e-10,9.40806598447709e-07,0.00188527671948386,6.21109124310934e-05,1.30669711901159e-05,4.2433558244293e-05,6.32840031464156e-05,0.000170803261165363,0.00456623704614203,0.00030266822470856,1.46862664482683e-09,0.000805782374804269,0.00106189343137905,3.18570200894062e-06,7.45065826798893e-06,0.00626719504344431,0.00319829584229508,0.000219188929292594,0.000338545586510581,2.96879023648241e-17,1.54591451006665e-05,2.97615922193607e-05,7.12025262242371e-05,7.25503170688851e-07,0.00121272263918097,0.000700385413146229,1.53231129570522e-05,4.94398192199372e-08,1.71984467004347e-06,4.07419315521643e-12,1.25541094033939e-05,0.00044776405063704,0.000253676504978766,0.00857751587590978,4.72065463237138e-05,5.69594652726211e-05,0.000256561191108467,0.00209206592011433,0.0137192991764862,8.34196963157259e-05,0.000510747770666493,0.000973810310682744,2.69583059358443e-07,2.77265681334496e-12,0.00230373537028536,2.02318124858262e-05,0.00265486283067621,4.56411112644985e-05,1.41365081041246e-05,2.36679157678445e-08,1.01222163276286e-06,3.11297012734165e-09,0.000285840205576462,1.80804044274411e-06,1.36196574523815e-06,1.18637688543288e-08,0.00229433625535132,6.65213431763475e-06,6.08981526650571e-07,3.54722886393982e-07,3.36248463737313e-10,1.89978880095478e-06,3.66750700772846e-07,6.63423089120964e-14,1.5540630273876e-08,9.01945262631994e-06,0.000365230679658188,3.22191498209923e-05,6.92988047259277e-05,3.68283770697421e-06,0.000985720094309074,1.30466263719604e-07,0.000117678829671685,4.66219401144319e-09,2.13200014919612e-07,8.44555934430016e-09,0.000679637922746143,8.03110053839385e-07,8.97753746255527e-07,3.92768335822296e-10,9.53759778324496e-09,0.000954271296666497,0.000275292733868407,6.43610631439729e-07,0.000123356744601302,0.000871802205197846,1.45674931900305e-05,6.35539400082824e-05,0.000208769358158585,6.75402285846444e-07,9.45107628813444e-05,0.00793442608314764,0.000891716329428645,2.49023921912422e-07,1.47065411071558e-05,0.00749912347855392,1.83086770110239e-12,0.000161893882903325,7.16718696828093e-05,2.72932776352395e-05,1.58749991441651e-06,0.00580000986042035,6.13387520607214e-06,0.000254626060594072,0.000297728521826637,1.88084668164347e-08,0.000210492958546272,0.00162344317857858,2.2443262355088e-07,2.76246820152131e-05,8.08857656238181e-08,0.0024530411620001,0.000425049610274187,0.000139298546279469,0.000100859638433007,0.00012177183041473,2.01730689754362e-07,0.000259969024342768,0.000351757808666116,0.00434187448538137,1.72477958018097e-05,1.61900572409881e-06,2.91557785711453e-07,2.96523626030744e-05,0.00109303688880397
"Node_5",0.00437833020671579,0.000355990537498053,0.030418569996257,0.0452988387997572,1,0.0120255842517637,0.0167666147415035,0.0183263994356393,6.75195302264807e-05,0.000419923058501668,0.0217705834914649,0.00457286827276507,0.00186629011109306,0.00389901066127517,0.054326958955841,0.0912049659743503,0.0443371152893885,0.032942120420325,0.0887005552521774,0.0598952896090297,0.00262790327333166,0.000741776853521283,0.0141326499491135,0.00281334924020974,0.0152129648615986,0.00198103882534981,0.00116111377890325,0.0127647998498004,1.8499096132297e-05,0.0131874075091085,0.00600859898540481,0.00678479067507599,0.0305733732155141,0.0200224858527571,0.00131335722015902,2.06118947303759e-06,0.00174708614038072,0.0532137630339661,0.0079446622448988,8.26023355302679e-05,0.00335972366212729,0.0159032825659543,0.00868341775679759,0.00291123118251122,0.00852362459019723,5.25479846514834e-05,2.04403131790112e-08,1.51426666260006e-05,2.31656155917844e-06,6.13743787500612e-09,0.00605578598791216,3.85918652860152e-05,1.1795612868284e-05,3.12891703841946e-11,6.82560337452177e-06,4.7002343066403e-08,1.02478951008108e-05,0.00111254623218441,0.000179935977537439,0.000412224368268245,2.46279139568406e-05,3.00194618274009e-06,0.000748861429547763,0.018809468689259,1.09971258953852e-05,1.04214711826029e-05,0.000303846338390439,0.00119190334286477,8.74358131996271e-09,2.50973933607829e-05,1.44471062375197e-05,0.00110665262536524,0.00243329846808915,6.06747070742281e-05,1.03181024424765e-05,0.000173624205770578,0.000595615264739135,3.33633982902954e-05,4.43707697746185e-05,0.000165745343287761,0.000231063309669897,2.69606534481426e-06,0.000744895273855282,0.000464535879897699,4.74307818190964e-05,2.97141396329559e-05,8.94579002103603e-05,0.000666108208817103,2.53284394719551e-13,0.00252977779286497,3.04444893303223e-06,7.13877427287478e-09,0.000488203707319056,1.29451113179865e-06,1.35271372679727e-06,5.76876882936113e-10,2.84641227851026e-05,1.45030493080378e-06,5.44238608226285e-06,0.000314362102881755,0.00154802463857607,6.94082846259748e-06,0.000457591739242035,4.97958594097743e-07,0.000445233554450531,2.11197136495724e-05,6.39484631854517e-10,1.42849562381196e-05,2.67154362834077e-07,4.69492428946434e-07,5.17447834211568e-06,8.09077939194356e-06,1.79122614228675e-06,1.71230089076656e-06,0.00310161219372844,3.47279480556641e-06,1.38546237604966e-05,2.04354766224037e-05,0.00015483013521873,1.6352323299641e-10,1.4137366617116e-07,0.000301425052742316,0.00369425979943121,6.39865841445182e-09,1.27270333033293e-05,0.00396394525551372,0.0225907205522479,0.000117934064129452,1.22678477486271e-06,6.26000391413736e-19,1.08691603311892e-05,5.85936265071785e-09,6.19126712765134e-11,5.21068217601015e-08,0.00204077314100891,5.42295008124889e-06,3.14914472297405e-05,8.13626375084636e-07,1.74240392642564e-05,6.58514964235013e-06,3.78197047019119e-05,1.41497377684477e-05,1.34536883947683e-07,0.000227093147859565,0.0120001307724318,1.81369089445214e-06,5.58555101206786e-11,7.44956360060946e-06,2.05762040209978e-08,6.64262188022832e-05
"Node_6",0.124997570088056,0.158444176832322,0.465427473262762,0.466821390285891,0.0120255842517637,1,0.199210512811748,0.0664320298031498,0.00173023230150735,0.0526383794496237,0.169702412782581,4.11152160907115e-11,0.0962896402562887,0.0228834006432269,0.473508211258782,0.38247247254788,0.454097287605216,0.427108755224048,0.0305396761319745,0.541738827540871,0.00104205989071886,1.4435946232951e-08,1.10746011701731e-05,6.19856167959342e-05,0.000436336130262793,5.29664823815242e-09,1.15057801352419e-05,0.00473889130997234,1.88325934103784e-05,6.79605825229131e-06,1.05613510354745e-06,5.01415201068647e-05,4.81658969730875e-05,0.00164276484128671,0.00012088487968495,2.32615687873135e-08,0.00200778208565361,0.000745576523755921,2.77340752712444e-12,9.27101492428144e-07,0.0121615593290346,0.00229015103616513,9.62910727877915e-05,0.000734176634588637,1.23270923180606e-07,2.075982466153e-05,3.324083031787e-05,2.20819426357942e-05,6.49775051777262e-06,0.000155150149214258,4.63354170778377e-05,5.68854860791509e-06,6.58577046738811e-05,2.18526606845922e-05,4.33500880475347e-12,8.54617582542305e-05,6.0762830087008e-05,3.69295783074004e-05,0.00314549199163338,3.87418867403711e-05,0.00315832316266953,0.000312403594757531,0.000119233787061597,0.00246883417304588,0.000150644709329859,0.000361001558936924,0.0033924816533222,0.000525766415006932,1.87582376438708e-08,0.00323806363412676,5.54696251482613e-07,0.000737552319970627,3.50815104458055e-05,1.80208837905366e-08,1.90711480907352e-06,1.82633794805731e-06,4.8265841650053e-07,0.000198087985871526,0.000893221544982613,1.50191708767658e-09,1.83326484034957e-14,0.000457755300972326,4.02546845925366e-05,8.94623848484661e-06,1.91752367405619e-06,1.06811258121276e-05,6.88306315301484e-07,4.01262266147645e-05,2.97935397634735e-05,1.79423034524109e-09,1.74677310956858e-05,0.000108346430264834,4.61937732417056e-10,2.91877089939247e-05,9.6739640718866e-08,2.61713320963072e-05,4.32957415201396e-06,1.03787286346686e-05,1.80555900365741e-05,1.53935558989089e-10,1.51467183132838e-07,0.000177800616165769,1.98468988844999e-09,1.24220370132175e-06,2.84550719985579e-09,2.76977761330336e-08,2.59007781466505e-05,9.9156665577413e-05,1.37760948088057e-08,0.00249509161466661,2.7868437768996e-05,4.22750618607584e-08,0.000874562280857897,1.1966083319331e-05,1.26607894514505e-08,9.34838115524635e-05,0.0017674402696944,0.000330780760654615,1.00031474315403e-05,9.95734245888419e-07,0.00329434948641583,1.20644640569985e-09,0.000331754087039059,3.69970453642244e-07,5.75242801446681e-05,8.45543516162401e-06,0.000824837115095171,1.34757854186632e-06,0.000345422101164633,1.59074278677535e-07,1.47119991770881e-10,0.0055063305771185,0.000512119305024913,8.71576141728385e-09,2.11645063966634e-09,5.81220920146206e-08,0.000877654166685717,1.38175973068895e-06,7.5230089965778e-08,4.18648125342522e-08,7.15554436379981e-07,8.796134120263e-08,0.000886975089786019,0.000213945496870178,9.80953700087285e-05,0.000240156234917779,1.73866434194881e-05,5.78816352511622e-09,1.06467205766774e-07,0.000351310378182458
"Node_7",0.010193061097159,0.0516563341206744,0.231282977520316,0.261198668725596,0.0167666147415035,0.199210512811748,1,0.00504175394322243,0.000683957084573172,0.0166949926476902,0.174105470145605,0.000214506660070555,0.00630972669182099,0.0165158219260736,0.173458767993073,0.211722492086392,0.41554592025205,0.234883166981284,0.0417227818272288,0.329540432499793,0.000295146431213036,2.44751253162905e-05,2.21487501562902e-06,0.000152762705367079,0.0022446995640675,1.70929786322284e-11,1.43929286279641e-10,0.00127628458668553,0.000393127028727787,5.32436105238791e-06,2.1037925562246e-07,8.17938645702052e-06,7.79983257232129e-13,0.00729703581587308,0.00126269791586542,8.58615522710295e-06,0.00178763353916001,0.00180880784078839,2.68493888052664e-07,0.000229144647005917,0.0114212858294104,0.00542529449709104,4.91233989018671e-05,0.000201012555389602,7.6959982078604e-07,0.000479598964019979,0.000570914289605698,0.00366848414839135,3.6669824207532e-06,0.000718720815590664,4.39129295521597e-06,1.00875599836508e-06,0.000154514531350781,6.85027983974531e-05,1.35118276323699e-06,6.95168134748894e-06,5.06049151485214e-05,0.00100088132118464,0.00407674306962009,0.00908148814810737,1.98328379954429e-05,0.000156631776649841,0.000446461186775222,0.0272125666579361,0.000192438623686435,0.00333542795751511,0.00147361605183547,3.74132981229858e-11,6.44071618952066e-11,0.00171991832403059,4.99069491808837e-09,0.0141042813582062,1.27565857685083e-06,5.52810382233661e-06,6.95997730558049e-05,4.00985924574904e-07,1.00153645773213e-09,0.000341871051601495,0.000980326878998113,5.83558241866002e-07,4.80660199687042e-08,3.98374999338725e-05,1.1908797194039e-06,0.000137054279028635,1.58972624107301e-05,0.00013980226481346,2.77566920999025e-07,9.09158907200262e-09,5.5487620032368e-09,2.05850524099184e-22,3.76599416230316e-06,0.000783597612964993,1.69497611348679e-05,0.000652211742305538,2.57273923394817e-06,0.0109686433999039,2.30078841201403e-06,1.28633481710524e-07,1.56153077671257e-05,6.72955824094167e-07,4.62156232775802e-06,0.000598012680217996,0.000308436683108909,2.18769593388493e-05,0.000135666714840557,3.9398698634933e-07,0.00450648824455258,0.00104730572703505,2.24828221725892e-10,6.86908046393304e-07,0.00111501747187555,3.45145332621321e-05,0.000358546117320775,4.89659583152322e-06,6.98381582987753e-06,2.35550064163586e-08,0.000477666264208744,2.24679098148112e-05,0.000335697374967374,1.45368986217919e-05,0.00937441879067321,8.00205309770926e-06,0.00015728395168129,5.98324457588884e-06,0.000287603026134901,7.50502734732956e-08,0.000345178657646356,7.69008853286673e-05,0.000324489360891545,1.79216336138996e-07,1.86997342668677e-05,0.00541110459026825,5.13269303942862e-06,1.89468331330342e-06,2.71515274819651e-08,5.74422634713957e-05,0.00180324470909079,9.39665604403909e-08,5.46636354509208e-07,9.3880723728996e-08,0.000146867986470982,8.40965485220114e-05,3.72554376543501e-08,0.00043705514892531,0.00305647315845264,9.29081226010707e-09,4.66432290893053e-07,3.76488749778425e-05,6.34647190115205e-08,0.000439267498013061
"Node_8",0.0147037925876015,0.0150413015245781,0.0978966732064084,0.0639574151610703,0.0183263994356393,0.0664320298031498,0.00504175394322243,1,8.68394165870574e-08,0.00536800245018029,0.0218035899103311,3.6469939829543e-05,0.0197293440577434,0.000504420726713707,0.0509480504075921,0.0549858819395603,0.0238310980206168,0.0310154674056601,7.3126111939439e-05,0.0788091862456557,1.20917856506348e-06,0.000920448417403177,9.66118341836415e-06,3.96360396430935e-05,2.80545677094242e-07,0.000581865674102068,0.00226179326967786,3.01209343843026e-06,0.000153885564265054,4.86496503530787e-08,1.13513875143388e-08,1.38460766010629e-08,2.89539017738012e-05,1.5929354651002e-05,5.77963469924916e-07,0.00148148220326201,3.49414527211454e-12,2.13486024330796e-08,0.000249903556214135,8.33595271910019e-06,0.00165138195816555,2.14434759819978e-07,0.00049539093302491,1.11212935935797e-11,0.000122258473341979,4.42844012373272e-07,0.00010304872005444,0.00112555782955204,0.000602797452249452,1.22543231788898e-07,0.000989611084906673,0.00901642303661624,5.25153685952508e-10,6.50165263248192e-05,1.20794341895613e-06,0.000630284496037297,2.27145432017657e-11,2.01432616204676e-05,0.000613870024314459,9.72919718315104e-07,0.0183793597762841,2.5863677722554e-06,1.32283129900837e-05,0.000400726967691437,1.10062869062974e-09,1.56528769425351e-08,3.23084089974992e-09,2.04656981990104e-05,1.87185708153254e-06,3.49362994698394e-10,1.13384914835597e-11,0.00177047122193508,0.000179588639786118,6.33451742890888e-12,3.47694587329984e-06,3.97837582799034e-06,0.000151774561772217,0.00417198499580945,1.06008540729424e-05,0.0033259181139051,0.00127244382742477,2.06957617548044e-05,9.80581505908461e-07,0.00181353988615577,0.000874691357038282,0.000629485372544418,0.00086414093256542,3.28574886016651e-05,3.06084365678722e-05,2.73713848622415e-07,0.000635728609734151,2.32876142962231e-05,0.000130119042215667,7.29334539613633e-05,9.11100132462917e-05,3.91386445546211e-07,1.03489758826699e-07,9.4389783616018e-06,3.18895970861179e-07,2.06422507717509e-06,2.49974129948904e-08,7.39659666798701e-05,6.67790908140329e-05,1.80013764237042e-10,4.13916977102086e-05,0.00814113669955838,1.49153955523073e-08,4.57709467194689e-07,3.58378999652845e-09,0.000915451366613831,1.28291015335376e-05,6.90628453337708e-07,3.46271483677625e-05,1.08656808015883e-05,0.000147729052415572,0.00118845399393439,0.003086255659182,5.08794807656011e-07,8.37195594153181e-05,1.93893785979185e-05,0.00274296668396086,0.00522802253171513,0.00399059152957675,9.92607906722373e-07,4.07478524001599e-06,0.00243268675759105,0.000583252210476865,0.00107145010847387,0.00021275555735826,1.22762349029998e-06,2.00864677057462e-05,3.06019586387679e-06,0.00126379590703201,5.28883556686742e-06,3.47403076495319e-05,0.000470504563774721,2.5547639068468e-08,3.14229872554373e-05,2.70468412926028e-06,1.35625971551537e-09,0.000610328365223339,0.00130462551400564,8.59352064027344e-06,1.17732283062983e-08,4.76546703468349e-06,0.000178737164061025,0.000207929448150178,1.77380766053159e-07,0.000959268792546517,0.000877513007379206
"Node_9",0.0329938891071079,0.000523797662242632,0.0123714680582286,0.00835334510670971,6.75195302264807e-05,0.00173023230150735,0.000683957084573172,8.68394165870574e-08,1,0.000115518464902956,0.00547206758126166,6.75653515118896e-07,0.000169936941113265,0.00179831792768303,0.014849529618652,0.0114089407999696,0.00658697295684954,0.0245725491645757,1.35493753658994e-05,0.0152574932050123,9.60201399509609e-07,7.264762087911e-08,6.85682670437074e-09,2.16307487945272e-06,0.000310144618492461,1.99682095341206e-07,1.26723020291368e-05,0.000546183746318907,5.33707714257578e-05,4.86465290278339e-07,2.61019452313675e-06,5.77198208892887e-08,0.000293257201378161,6.24529892167082e-09,4.70058610360779e-09,3.19653156432292e-05,6.61725661018853e-06,1.24251590262659e-06,5.39023942504997e-07,2.2739322233838e-05,0.000417780675635365,4.92268148853604e-07,2.87830544700401e-05,1.4314125961089e-08,2.1286551198202e-06,0.00055715850172838,0.000713985564604585,8.83246086499011e-05,1.74843635587641e-10,8.63589299246958e-05,2.36776951528448e-06,1.09034108995192e-06,1.22844820111764e-05,0.00104587121598008,0.00500874102858536,0.000608974511590524,0.000343753630359999,0.00011961304724515,2.04913819409417e-05,0.00246599330856664,0.0101956376054655,3.52775930100247e-06,8.47078023339804e-05,0.000286341106761181,0.00200228725763077,0.000190350226530482,1.01929249248292e-08,3.99694561389758e-06,1.63708968150471e-06,0.00127568196981032,0.000189427856775689,0.0134707324987988,0.00959120204977236,3.82425714975271e-05,1.41489283476197e-06,0.000526071993988097,0.00144951660162909,1.38112945795609e-05,0.00227112447418117,0.000492263858273872,0.000130428402646632,3.39661077170161e-05,6.09497234645796e-05,8.42228883148480e-09,3.54559858412286e-05,0.00013335631875158,0.000317470427689541,8.14225322260903e-08,0.000197188727694488,9.87744351984039e-06,0.000449909460424468,3.33107140295942e-08,2.81665011306623e-05,5.1662042622648e-08,0.000153598347730874,3.75314990426442e-10,5.78034703630582e-08,0.000105763741902449,0.00435798411642598,0.000385514010321395,0.00317819397638563,6.41991377846618e-09,4.81311924301952e-05,4.56021891419753e-05,7.99869025582042e-06,6.38506600834257e-07,5.76064174392427e-06,1.65482024358948e-08,0.000135163157084375,7.17087960204674e-06,1.62271075446568e-05,8.94427526926e-08,3.29232198988231e-06,5.6885612682001e-15,0.000551302873308797,8.73281415539144e-07,9.04326480514434e-06,1.60940799532644e-05,3.9726135171561e-05,1.34770191514694e-06,0.000524253507210777,3.77281095037476e-09,0.000119575336710122,7.29226610291042e-07,1.62934575537052e-05,0.000699327611086265,6.81533962728306e-09,0.00141545836130063,9.2532657071376e-06,8.83615890870002e-05,4.62396793721127e-06,2.6511004053981e-06,0.000132057683218163,9.88829076243395e-08,1.17830724981268e-09,0.000352598361556862,0.000160719565809051,3.6224974013079e-12,0.000288181104532797,1.63653563932634e-05,0.000592640712275529,2.33450921963428e-05,8.78216363564212e-12,8.03036011542325e-13,0.00049050080207076,4.36686521594406e-05,0.000291944307902544,6.3946776059525e-10,0.000305555844280037,3.71511318376041e-05
"Node_10",0.000117227572183584,0.0124633445672786,0.0322284874704885,0.0496020838580888,0.000419923058501668,0.0526383794496237,0.0166949926476902,0.00536800245018029,0.000115518464902956,1,0.0464135385997907,7.45415392934037e-10,0.0147922919531785,0.00213477829918714,0.00860297021121944,0.0326485458400913,0.015475559271274,0.0133757089503904,0.000362289563219013,0.0321368523678301,1.91736464783808e-07,5.07645843554553e-08,4.16167673472891e-07,1.36195451465335e-08,0.000391662519835236,1.49479060246278e-07,8.55952496676286e-11,0.000261885395678201,0.000138934377615771,1.06566489799247e-05,0.000721137699989689,5.82341706790648e-05,1.81757897370268e-05,8.15276112111085e-05,0.000678666198120053,3.41794115932772e-05,0.000357478312474836,3.093546106285e-06,0.000798774332598928,1.46216253781178e-06,0.00997330438035331,0.00583530021058628,4.27362720535521e-05,2.92055860020897e-07,1.60307092676031e-13,4.43779465336829e-06,3.57258643283606e-05,0.00324137741365259,0.00204929762158801,0.000141209519115375,3.54563074085841e-05,3.70080836496193e-08,1.82638340433951e-11,0.00110923189112661,4.03390954347382e-05,7.39952627228354e-07,0.000119083953240179,1.00980275858112e-07,0.00613052627094978,0.000345768995393192,0.00539744518334548,5.37458877424972e-06,9.08747502276733e-07,2.67907419748185e-05,1.33532878339741e-07,0.00336884086164431,0.00356311563636353,0.000237170666531879,0.00130677002338781,0.00292448210334524,2.40962089525959e-05,0.00274262073119193,0.00010385010577336,2.419161655229e-10,9.68768531371905e-14,4.19758527149055e-05,8.08628533890288e-05,5.14901213176324e-05,8.54714881563237e-05,2.46229512478465e-06,3.54136051975925e-12,3.65029254575269e-11,3.42863242811333e-07,3.29466018916948e-07,4.91229344267012e-06,0.000166962398173783,1.20469245883423e-06,1.57029137618438e-05,2.98804409036446e-05,1.258352207985e-09,1.6303822393283e-08,0.000155358454693327,2.04571907849273e-13,0.00970603178917555,9.36332167382872e-05,2.19911930251144e-05,0.00137740017434553,0.000155675278169686,0.00197484195452126,6.24814834675137e-05,1.83874311538537e-07,3.9357157057419e-08,1.26764652224031e-06,3.38660609387302e-13,1.34304842113688e-05,0.000134827543669568,0.000487440198057785,0.00525403037601559,1.4263198057409e-09,2.00089447115724e-08,4.31138353873879e-05,3.91179709733553e-06,1.89991926708016e-07,0.000116744323467517,6.24453424826992e-07,0.000628131874464311,0.0011012934463651,7.100796665268e-08,0.000185354754129222,0.00106710194298641,7.41547066967294e-08,0.000128118580780654,0.00319044061657871,5.88316237522671e-08,0.000560317742580472,0.00560717726765968,0.0133585129436062,3.25980194175627e-08,0.00867652929832836,0.0018354088450601,0.000546460172310973,1.45706880016149e-09,1.25202173885449e-08,6.04791064864414e-08,0.000468312429982014,0.000121539673224781,0.0146802052906434,7.3372570484711e-06,0.000150126744774358,3.29446846181479e-05,3.66668896211792e-06,0.000190555015766865,0.00234100069938981,0.0466649969474789,0.000603773623795039,0.00262179502440976,6.17695589043615e-07,1.12579694053084e-05,7.0948970345943e-06,4.28484529966644e-09
"Node_11",0.0968916518183445,0.0421776785986418,0.433415119320642,0.368366713676863,0.0217705834914649,0.169702412782581,0.174105470145605,0.0218035899103311,0.00547206758126166,0.0464135385997907,1,0.00100619275919148,0.00751350763772363,0.0799518751037701,0.28683518081487,0.263556665584533,0.373501772769955,0.284795844746456,0.00856645295706733,0.369265575241406,0.00031055957411761,1.2606203444353e-05,5.91118100429251e-05,0.000345862946349398,0.00151791452285847,1.32917374274785e-07,3.56801673293606e-08,0.00789456493585942,1.77191910210428e-08,0.000216849749990886,1.35321608957293e-05,8.66589506842672e-07,7.38646735844119e-09,0.00116971582230874,0.0030279509524224,1.21208548661224e-07,0.00591180058067169,0.000224174490202732,1.66267942418123e-05,0.00468793753052135,0.000368129428693355,0.00967602485565639,0.000117877341523526,0.0014947670298188,6.70577044337351e-06,8.70931374257017e-05,1.25662693620558e-05,0.0043708773428178,0.00016799652925275,0.00279314838537761,0.00129761754058101,9.50575582606888e-14,5.74266390388448e-08,1.54716889308358e-05,6.64297270503594e-05,1.11217372400958e-07,0.00067778720741449,0.000727547323243744,0.0249725578181164,0.000831214007636229,1.6756035834627e-05,0.00160159180180742,0.00166190334182496,0.00956307439090712,0.00250487216835511,0.000585540265068354,0.00298047459154596,1.55169470704477e-06,5.94004540960771e-06,0.00313391096746334,2.96552423860554e-07,0.000757109083953702,1.4792441379584e-05,1.04920763424657e-05,9.2702916870803e-09,3.38551541696429e-10,2.07615203254216e-06,0.000429066254324104,0.000103512391651953,0.000161649850304323,3.3048039536784e-06,0.00333204725043865,7.93780479016618e-11,4.83301160886554e-11,3.41077026460891e-05,7.99463893212853e-05,1.21334783825718e-11,1.39423768133129e-08,2.20091346822227e-08,5.66588809025256e-15,2.89844927978609e-07,1.68675096938722e-06,2.67369344472741e-05,6.08525320135855e-05,1.56026532738781e-11,0.000908732732879054,8.36879069041315e-07,4.65168899707946e-05,1.20262473673355e-08,9.70569044616899e-07,7.04887769670065e-07,4.19196560809618e-06,2.79333879145416e-09,8.49664500701159e-07,1.11096752551732e-07,2.88375162568913e-07,0.00309446066894051,0.00177950957463781,7.88031152785257e-14,4.91621032343144e-06,0.00106441021431884,9.55518626249814e-10,5.19300378762796e-05,0.000188126213606329,2.97625362740386e-05,0.000898028226910095,0.0179584547826067,0.00106331510382724,2.67741460994319e-08,1.13611352173327e-05,0.00242070463135267,1.79476718872654e-05,1.30323004999093e-06,2.61115106872162e-05,1.04937011951173e-05,1.0153079768173e-05,0.00192664547461453,4.27927107233011e-06,7.20595079154419e-05,0.00240970002557845,1.76426280249931e-06,0.000399529358574453,7.9282296509469e-05,2.80413162935254e-05,0.00173527685129734,0.000108205373671016,0.000875555075163567,3.2579291249817e-07,0.000259884957384011,0.000114789034970456,0.00126862822818381,1.63580120183593e-05,0.00177301531499132,0.000666277733380082,0.00703992670933979,0.000944146818454836,8.88928543724035e-07,6.1560177520834e-08,2.69903650465731e-06,0.000144152296433969
"Node_12",0.000131844744943232,2.30911057985696e-09,0.000383303869394328,0.000840018528931705,0.00457286827276507,4.11152160907115e-11,0.000214506660070555,3.6469939829543e-05,6.75653515118896e-07,7.45415392934037e-10,0.00100619275919148,1,3.54949962964943e-07,2.48662863516627e-05,0.00134051138336618,0.000657986475080565,0.00172325058865945,0.000469311279725106,0.0100207627400285,0.000270561832540609,3.03211656141436e-05,0.00198327832642799,1.52994769746216e-05,1.8661141833384e-05,0.00366985283690528,0.000977372118292551,1.1060514141462e-05,2.89785298796373e-12,3.52562203839747e-05,0.000172098160440948,4.95448374390959e-06,2.80809702405013e-07,0.000326964815608597,0.000179661103697572,7.18156767111611e-06,5.05493900045053e-05,0.000121039280906644,0.00315612865330414,0.000500303203358158,0.000849250741562347,1.75856130043399e-07,0.00159744674232244,0.000257611002192217,0.000306126320652831,4.76478939000561e-05,5.60913548332233e-06,0.000926238780051304,8.23135907890451e-05,0.000136403422878444,2.13467237436076e-05,0.000114102350428656,1.34200103224412e-09,3.96921154578007e-05,1.29974214006864e-06,6.90192301977875e-06,4.15468215378786e-05,1.00709339402973e-05,3.28972594373557e-05,0.000247614532704636,3.84104797051849e-08,0.00554989741958978,3.40003941375987e-14,0.000716032863493191,0.00334132340208144,0.000110981853466578,1.85013382591406e-06,8.7834740511518e-09,0.000442352883095436,1.64493373460337e-06,0.000204744433126284,0.000932880529669269,0.000787887291454529,0.000880734024317009,1.00335974354992e-06,4.46862542174685e-05,1.1797877278297e-05,2.18775275068119e-09,2.01460467089181e-07,1.87881158832682e-05,2.51589245655633e-05,3.29904433769794e-07,3.0218396838227e-07,0.00144698459767628,0.00308672272747163,4.38306878226983e-05,4.62727690224837e-05,2.33723432296493e-06,1.96892573838936e-05,1.67942826819755e-05,8.34460735818127e-08,2.41605426910242e-06,3.43688968283123e-06,3.40862914831308e-05,1.6648656770197e-06,9.07864285772303e-06,3.89851599327411e-06,0.000421757394497775,1.15235317952004e-06,8.26137421333034e-06,0.000312529867037938,6.42896854236323e-08,1.70205893682861e-05,6.02134821712719e-05,1.53421954400485e-05,5.06991202325011e-07,1.74788889257707e-08,9.83191834633532e-06,4.7289217010485e-07,1.23183656014447e-05,7.37131626795938e-07,0.000377231981783345,0.000371093689562405,1.68579568189025e-10,0.000725082386412986,1.61083966249211e-08,4.08183579704318e-07,6.04742625427576e-09,0.000205347516278725,0.00278538612187124,2.85541271166327e-06,0.00015430792559805,4.5478653481519e-06,0.00105935282529085,0.0011100783384474,4.24508523596876e-08,1.57434622839828e-05,5.03114369135355e-05,5.89053509461879e-10,0.00297493559127744,2.95299594532328e-05,8.87974033243497e-06,4.09687448911843e-07,6.01378213886319e-06,0.0285874264178051,0.011682995860314,1.85510269207959e-07,4.47958653703461e-11,5.47015453129178e-05,0.00039481792080752,5.05109669496492e-05,5.32487665154838e-06,5.06366178401013e-06,3.53783450870058e-05,0.000288103273174206,0.0272868888508541,8.17471310645768e-06,0.000463870309825907,3.95929038990237e-05,5.85889624667562e-07,0.000802184414726983
